4 0.22736418511066397 0.4466800804828973 0.4768611670020121 0.4466800804828973 0.4768611670020121 0.7585513078470825 0.22736418511066397 0.7585513078470825
4 0.3661971830985916 0.22132796780684103 0.4466800804828973 0.22132796780684103 0.4466800804828973 0.3138832997987927 0.3661971830985916 0.3138832997987927
4 0.5975855130784709 0.06841046277665996 0.716297786720322 0.06841046277665996 0.716297786720322 0.15090543259557343 0.5975855130784709 0.15090543259557343
4 0.5150905432595574 0.1267605633802817 0.5995975855130784 0.1267605633802817 0.5995975855130784 0.23943661971830985 0.5150905432595574 0.23943661971830985
4 0.7464788732394366 0.0744466800804829 0.8450704225352113 0.0744466800804829 0.8450704225352113 0.16700201207243465 0.7464788732394366 0.16700201207243465
4 0.772635814889336 0.28772635814889336 0.806841046277666 0.28772635814889336 0.806841046277666 0.352112676056338 0.772635814889336 0.352112676056338
4 0.4949698189134809 0.42655935613682094 0.5472837022132797 0.42655935613682094 0.5472837022132797 0.47484909456740443 0.4949698189134809 0.47484909456740443
4 0.5754527162977867 0.39436619718309857 0.6740442655935615 0.39436619718309857 0.6740442655935615 0.48289738430583495 0.5754527162977867 0.48289738430583495
4 0.5432595573440644 0.5010060362173038 0.6277665995975854 0.5010060362173038 0.6277665995975854 0.6156941649899397 0.5432595573440644 0.6156941649899397
4 0.8611670020120725 0.8812877263581488 1.0 0.8812877263581488 1.0 0.9939637826961769 0.8611670020120725 0.9939637826961769
4 0.8933601609657946 0.27565392354124746 0.9356136820925552 0.27565392354124746 0.9356136820925552 0.33400402414486924 0.8933601609657946 0.33400402414486924
